0	7.000000
0.010000	6.999930
0.020000	6.999720
0.030000	6.999370
0.040000	6.998880
0.050000	6.998250
0.060000	6.997480
0.070000	6.996570
0.080000	6.995520
0.090000	6.994331
0.100000	6.993001
0.110000	6.991532
0.120000	6.989922
0.130000	6.988173
0.140000	6.986284
0.150000	6.984256
0.160000	6.982088
0.170000	6.979780
0.180000	6.977332
0.190000	6.974745
0.200000	6.972019
0.210000	6.969153
0.220000	6.966147
0.230000	6.963003
0.240000	6.959719
0.250000	6.956296
0.260000	6.952733
0.270000	6.949032
0.280000	6.945192
0.290000	6.941212
0.300000	6.937094
0.310000	6.932838
0.320000	6.928442
0.330000	6.923908
0.340000	6.919236
0.350000	6.914425
0.360000	6.909476
0.370000	6.904388
0.380000	6.899163
0.390000	6.893800
0.400000	6.888298
0.410000	6.882659
0.420000	6.876883
0.430000	6.870968
0.440000	6.864917
0.450000	6.858728
0.460000	6.852402
0.470000	6.845938
0.480000	6.839338
0.490000	6.832601
0.500000	6.825728
0.510000	6.818718
0.520000	6.811571
0.530000	6.804289
0.540000	6.796870
0.550000	6.789315
0.560000	6.781625
0.570000	6.773799
0.580000	6.765837
0.590000	6.757740
0.600000	6.749508
0.610000	6.741141
0.620000	6.732639
0.630000	6.724003
0.640000	6.715232
0.650000	6.706327
0.660000	6.697287
0.670000	6.688114
0.680000	6.678807
0.690000	6.669366
0.700000	6.659792
0.710000	6.650085
0.720000	6.640244
0.730000	6.630271
0.740000	6.620166
0.750000	6.609928
0.760000	6.599557
0.770000	6.589055
0.780000	6.578421
0.790000	6.567655
0.800000	6.556758
0.810000	6.545730
0.820000	6.534571
0.830000	6.523281
0.840000	6.511861
0.850000	6.500311
0.860000	6.488630
0.870000	6.476820
0.880000	6.464880
0.890000	6.452811
0.900000	6.440613
0.910000	6.428286
0.920000	6.415831
0.930000	6.403247
0.940000	6.390535
0.950000	6.377696
0.960000	6.364728
0.970000	6.351634
0.980000	6.338412
0.990000	6.325064
1.000000	6.311589
1.010000	6.297988
1.020000	6.284261
1.030000	6.270408
1.040000	6.256430
1.050000	6.242327
1.060000	6.228099
1.070000	6.213746
1.080000	6.199269
1.090000	6.184669
1.100000	6.169944
1.110000	6.155096
1.120000	6.140125
1.130000	6.125031
1.140000	6.109815
1.150000	6.094476
1.160000	6.079016
1.170000	6.063433
1.180000	6.047730
1.190000	6.031906
1.200000	6.015961
1.210000	5.999896
1.220000	5.983710
1.230000	5.967406
1.240000	5.950981
1.250000	5.934438
1.260000	5.917776
1.270000	5.900996
1.280000	5.884097
1.290000	5.867081
1.300000	5.849948
1.310000	5.832698
1.320000	5.815331
1.330000	5.797847
1.340000	5.780248
1.350000	5.762533
1.360000	5.744703
1.370000	5.726758
1.380000	5.708698
1.390000	5.690525
1.400000	5.672237
1.410000	5.653836
1.420000	5.635322
1.430000	5.616695
1.440000	5.597956
1.450000	5.579105
1.460000	5.560142
1.470000	5.541069
1.480000	5.521884
1.490000	5.502589
1.500000	5.483184
1.510000	5.463669
1.520000	5.444045
1.530000	5.424312
1.540000	5.404470
1.550000	5.384521
1.560000	5.364463
1.570000	5.344299
1.580000	5.324028
1.590000	5.303650
1.600000	5.283166
1.610000	5.262576
1.620000	5.241881
1.630000	5.221081
1.640000	5.200177
1.650000	5.179169
1.660000	5.158057
1.670000	5.136842
1.680000	5.115525
1.690000	5.094105
1.700000	5.072583
1.710000	5.050960
1.720000	5.029235
1.730000	5.007411
1.740000	4.985486
1.750000	4.963461
1.760000	4.941337
1.770000	4.919114
1.780000	4.896793
1.790000	4.874374
1.800000	4.851857
1.810000	4.829243
1.820000	4.806533
1.830000	4.783727
1.840000	4.760825
1.850000	4.737827
1.860000	4.714735
1.870000	4.691549
1.880000	4.668269
1.890000	4.644895
1.900000	4.621429
1.910000	4.597870
1.920000	4.574219
1.930000	4.550477
1.940000	4.526644
1.950000	4.502720
1.960000	4.478706
1.970000	4.454602
1.980000	4.430410
1.990000	4.406129
2.000000	4.381759
2.010000	4.357302
2.020000	4.332758
2.030000	4.308128
2.040000	4.283411
2.050000	4.258608
2.060000	4.233720
2.070000	4.208748
2.080000	4.183692
2.090000	4.158551
2.100000	4.133328
2.110000	4.108022
2.120000	4.082634
2.130000	4.057164
2.140000	4.031613
2.150000	4.005981
2.160000	3.980269
2.170000	3.954478
2.180000	3.928607
2.190000	3.902658
2.200000	3.876631
2.210000	3.850526
2.220000	3.824345
2.230000	3.798087
2.240000	3.771752
2.250000	3.745343
2.260000	3.718858
2.270000	3.692300
2.280000	3.665667
2.290000	3.638961
2.300000	3.612182
2.310000	3.585331
2.320000	3.558409
2.330000	3.531415
2.340000	3.504350
2.350000	3.477216
2.360000	3.450011
2.370000	3.422738
2.380000	3.395397
2.390000	3.367987
2.400000	3.340510
2.410000	3.312967
2.420000	3.285357
2.430000	3.257681
2.440000	3.229940
2.450000	3.202135
2.460000	3.174265
2.470000	3.146333
2.480000	3.118337
2.490000	3.090278
2.500000	3.062158
2.510000	3.033977
2.520000	3.005735
2.530000	2.977433
2.540000	2.949072
2.550000	2.920651
2.560000	2.892172
2.570000	2.863635
2.580000	2.835041
2.590000	2.806390
2.600000	2.777683
2.610000	2.748921
2.620000	2.720103
2.630000	2.691231
2.640000	2.662306
2.650000	2.633327
2.660000	2.604295
2.670000	2.575212
2.680000	2.546076
2.690000	2.516890
2.700000	2.487654
2.710000	2.458368
2.720000	2.429032
2.730000	2.399648
2.740000	2.370216
2.750000	2.340737
2.760000	2.311211
2.770000	2.281638
2.780000	2.252020
2.790000	2.222357
2.800000	2.192650
2.810000	2.162898
2.820000	2.133104
2.830000	2.103266
2.840000	2.073387
2.850000	2.043466
2.860000	2.013505
2.870000	1.983503
2.880000	1.953461
2.890000	1.923380
2.900000	1.893261
2.910000	1.863104
2.920000	1.832910
2.930000	1.802679
2.940000	1.772412
2.950000	1.742109
2.960000	1.711772
2.970000	1.681400
2.980000	1.650995
2.990000	1.620557
3.000000	1.590087
3.010000	1.559584
3.020000	1.529051
3.030000	1.498486
3.040000	1.467892
3.050000	1.437269
3.060000	1.406617
3.070000	1.375936
3.080000	1.345228
3.090000	1.314493
3.100000	1.283732
3.110000	1.252946
3.120000	1.222134
3.130000	1.191298
3.140000	1.160437
3.150000	1.129554
3.160000	1.098648
3.170000	1.067720
3.180000	1.036771
3.190000	1.005801
3.200000	0.974811
3.210000	0.943802
3.220000	0.912773
3.230000	0.881726
3.240000	0.850662
3.250000	0.819581
3.260000	0.788483
3.270000	0.757370
3.280000	0.726241
3.290000	0.695098
3.300000	0.663941
3.310000	0.632770
3.320000	0.601587
3.330000	0.570392
3.340000	0.539186
3.350000	0.507969
3.360000	0.476741
3.370000	0.445504
3.380000	0.414258
3.390000	0.383004
3.400000	0.351743
3.410000	0.320474
3.420000	0.289198
3.430000	0.257917
3.440000	0.226631
3.450000	0.195341
3.460000	0.164046
3.470000	0.132748
3.480000	0.101448
3.490000	0.070145
3.500000	0.038841
3.510000	0.007536
3.520000	-0.023769
3.530000	-0.055073
3.540000	-0.086376
3.550000	-0.117678
3.560000	-0.148977
3.570000	-0.180274
3.580000	-0.211566
3.590000	-0.242855
3.600000	-0.274138
3.610000	-0.305416
3.620000	-0.336688
3.630000	-0.367954
3.640000	-0.399211
3.650000	-0.430461
3.660000	-0.461703
3.670000	-0.492935
3.680000	-0.524157
3.690000	-0.555369
3.700000	-0.586569
3.710000	-0.617758
3.720000	-0.648935
3.730000	-0.680098
3.740000	-0.711248
3.750000	-0.742384
3.760000	-0.773505
3.770000	-0.804610
3.780000	-0.835699
3.790000	-0.866772
3.800000	-0.897827
3.810000	-0.928865
3.820000	-0.959883
3.830000	-0.990883
3.840000	-1.021863
3.850000	-1.052822
3.860000	-1.083760
3.870000	-1.114677
3.880000	-1.145571
3.890000	-1.176442
3.900000	-1.207290
3.910000	-1.238114
3.920000	-1.268913
3.930000	-1.299686
3.940000	-1.330434
3.950000	-1.361155
3.960000	-1.391848
3.970000	-1.422514
3.980000	-1.453151
3.990000	-1.483760
4.000000	-1.514339
4.010000	-1.544887
4.020000	-1.575404
4.030000	-1.605890
4.040000	-1.636344
4.050000	-1.666765
4.060000	-1.697153
4.070000	-1.727507
4.080000	-1.757826
4.090000	-1.788110
4.100000	-1.818359
4.110000	-1.848571
4.120000	-1.878746
4.130000	-1.908883
4.140000	-1.938983
4.150000	-1.969043
4.160000	-1.999064
4.170000	-2.029046
4.180000	-2.058986
4.190000	-2.088886
4.200000	-2.118743
4.210000	-2.148558
4.220000	-2.178331
4.230000	-2.208059
4.240000	-2.237744
4.250000	-2.267384
4.260000	-2.296978
4.270000	-2.326527
4.280000	-2.356029
4.290000	-2.385483
4.300000	-2.414891
4.310000	-2.444249
4.320000	-2.473559
4.330000	-2.502820
4.340000	-2.532030
4.350000	-2.561190
4.360000	-2.590299
4.370000	-2.619355
4.380000	-2.648360
4.390000	-2.677311
4.400000	-2.706209
4.410000	-2.735053
4.420000	-2.763842
4.430000	-2.792576
4.440000	-2.821254
4.450000	-2.849875
4.460000	-2.878440
4.470000	-2.906946
4.480000	-2.935395
4.490000	-2.963785
4.500000	-2.992116
4.510000	-3.020387
4.520000	-3.048598
4.530000	-3.076747
4.540000	-3.104835
4.550000	-3.132861
4.560000	-3.160824
4.570000	-3.188724
4.580000	-3.216561
4.590000	-3.244333
4.600000	-3.272040
4.610000	-3.299681
4.620000	-3.327257
4.630000	-3.354766
4.640000	-3.382208
4.650000	-3.409583
4.660000	-3.436889
4.670000	-3.464126
4.680000	-3.491294
4.690000	-3.518393
4.700000	-3.545421
4.710000	-3.572378
4.720000	-3.599263
4.730000	-3.626077
4.740000	-3.652818
4.750000	-3.679486
4.760000	-3.706080
4.770000	-3.732601
4.780000	-3.759046
4.790000	-3.785417
4.800000	-3.811712
4.810000	-3.837930
4.820000	-3.864072
4.830000	-3.890137
4.840000	-3.916123
4.850000	-3.942032
4.860000	-3.967861
4.870000	-3.993611
4.880000	-4.019282
4.890000	-4.044872
4.900000	-4.070381
4.910000	-4.095808
4.920000	-4.121154
4.930000	-4.146417
4.940000	-4.171598
4.950000	-4.196694
4.960000	-4.221707
4.970000	-4.246636
4.980000	-4.271480
4.990000	-4.296238
5.000000	-4.320910
5.010000	-4.345496
5.020000	-4.369995
5.030000	-4.394406
5.040000	-4.418730
5.050000	-4.442965
5.060000	-4.467112
5.070000	-4.491169
5.080000	-4.515136
5.090000	-4.539013
5.100000	-4.562799
5.110000	-4.586494
5.120000	-4.610097
5.130000	-4.633608
5.140000	-4.657027
5.150000	-4.680352
5.160000	-4.703583
5.170000	-4.726721
5.180000	-4.749764
5.190000	-4.772712
5.200000	-4.795564
5.210000	-4.818321
5.220000	-4.840981
5.230000	-4.863545
5.240000	-4.886011
5.250000	-4.908379
5.260000	-4.930649
5.270000	-4.952821
5.280000	-4.974894
5.290000	-4.996867
5.300000	-5.018740
5.310000	-5.040513
5.320000	-5.062185
5.330000	-5.083755
5.340000	-5.105224
5.350000	-5.126591
5.360000	-5.147856
5.370000	-5.169017
5.380000	-5.190075
5.390000	-5.211030
5.400000	-5.231880
5.410000	-5.252625
5.420000	-5.273265
5.430000	-5.293800
5.440000	-5.314229
5.450000	-5.334552
5.460000	-5.354768
5.470000	-5.374877
5.480000	-5.394879
5.490000	-5.414772
5.500000	-5.434557
5.510000	-5.454234
5.520000	-5.473801
5.530000	-5.493259
5.540000	-5.512608
5.550000	-5.531846
5.560000	-5.550973
5.570000	-5.569989
5.580000	-5.588894
5.590000	-5.607687
5.600000	-5.626368
5.610000	-5.644936
5.620000	-5.663392
5.630000	-5.681734
5.640000	-5.699962
5.650000	-5.718077
5.660000	-5.736077
5.670000	-5.753963
5.680000	-5.771733
5.690000	-5.789388
5.700000	-5.806927
5.710000	-5.824350
5.720000	-5.841657
5.730000	-5.858847
5.740000	-5.875919
5.750000	-5.892874
5.760000	-5.909712
5.770000	-5.926431
5.780000	-5.943031
5.790000	-5.959513
5.800000	-5.975875
5.810000	-5.992118
5.820000	-6.008241
5.830000	-6.024244
5.840000	-6.040126
5.850000	-6.055888
5.860000	-6.071528
5.870000	-6.087047
5.880000	-6.102445
5.890000	-6.117720
5.900000	-6.132873
5.910000	-6.147903
5.920000	-6.162810
5.930000	-6.177594
5.940000	-6.192255
5.950000	-6.206792
5.960000	-6.221204
5.970000	-6.235492
5.980000	-6.249656
5.990000	-6.263694
6.000000	-6.277607
6.010000	-6.291395
6.020000	-6.305056
6.030000	-6.318592
6.040000	-6.332001
6.050000	-6.345284
6.060000	-6.358440
6.070000	-6.371468
6.080000	-6.384369
6.090000	-6.397143
6.100000	-6.409788
6.110000	-6.422305
6.120000	-6.434694
6.130000	-6.446954
6.140000	-6.459086
6.150000	-6.471088
6.160000	-6.482960
6.170000	-6.494703
6.180000	-6.506316
6.190000	-6.517799
6.200000	-6.529152
6.210000	-6.540374
6.220000	-6.551465
6.230000	-6.562425
6.240000	-6.573254
6.250000	-6.583951
6.260000	-6.594517
6.270000	-6.604951
6.280000	-6.615253
6.290000	-6.625422
6.300000	-6.635459
6.310000	-6.645364
6.320000	-6.655135
6.330000	-6.664773
6.340000	-6.674278
6.350000	-6.683649
6.360000	-6.692887
6.370000	-6.701991
6.380000	-6.710961
6.390000	-6.719797
6.400000	-6.728498
6.410000	-6.737065
6.420000	-6.745497
6.430000	-6.753794
6.440000	-6.761956
6.450000	-6.769982
6.460000	-6.777874
6.470000	-6.785630
6.480000	-6.793250
6.490000	-6.800734
6.500000	-6.808082
6.510000	-6.815294
6.520000	-6.822370
6.530000	-6.829309
6.540000	-6.836112
6.550000	-6.842778
6.560000	-6.849307
6.570000	-6.855699
6.580000	-6.861954
6.590000	-6.868072
6.600000	-6.874052
6.610000	-6.879895
6.620000	-6.885600
6.630000	-6.891168
6.640000	-6.896598
6.650000	-6.901890
6.660000	-6.907044
6.670000	-6.912059
6.680000	-6.916937
6.690000	-6.921676
6.700000	-6.926277
6.710000	-6.930739
6.720000	-6.935062
6.730000	-6.939247
6.740000	-6.943293
6.750000	-6.947200
6.760000	-6.950969
6.770000	-6.954598
6.780000	-6.958088
6.790000	-6.961439
6.800000	-6.964651
6.810000	-6.967723
6.820000	-6.970656
6.830000	-6.973450
6.840000	-6.976104
6.850000	-6.978619
6.860000	-6.980994
6.870000	-6.983229
6.880000	-6.985325
6.890000	-6.987281
6.900000	-6.989098
6.910000	-6.990774
6.920000	-6.992311
6.930000	-6.993708
6.940000	-6.994965
6.950000	-6.996082
6.960000	-6.997060
6.970000	-6.997897
6.980000	-6.998594
6.990000	-6.999152
7.000000	-6.999569
7.010000	-6.999846
7.020000	-6.999984
7.030000	-6.999981
7.040000	-6.999839
7.050000	-6.999556
7.060000	-6.999133
7.070000	-6.998571
7.080000	-6.997868
7.090000	-6.997026
7.100000	-6.996043
7.110000	-6.994921
7.120000	-6.993659
7.130000	-6.992257
7.140000	-6.990715
7.150000	-6.989033
7.160000	-6.987211
7.170000	-6.985250
7.180000	-6.983149
7.190000	-6.980908
7.200000	-6.978528
7.210000	-6.976008
7.220000	-6.973349
7.230000	-6.970550
7.240000	-6.967612
7.250000	-6.964534
7.260000	-6.961317
7.270000	-6.957961
7.280000	-6.954466
7.290000	-6.950831
7.300000	-6.947058
7.310000	-6.943146
7.320000	-6.939094
7.330000	-6.934905
7.340000	-6.930576
7.350000	-6.926109
7.360000	-6.921503
7.370000	-6.916758
7.380000	-6.911876
7.390000	-6.906855
7.400000	-6.901696
7.410000	-6.896399
7.420000	-6.890964
7.430000	-6.885392
7.440000	-6.879681
7.450000	-6.873833
7.460000	-6.867848
7.470000	-6.861725
7.480000	-6.855465
7.490000	-6.849067
7.500000	-6.842533
7.510000	-6.835862
7.520000	-6.829054
7.530000	-6.822110
7.540000	-6.815029
7.550000	-6.807812
7.560000	-6.800459
7.570000	-6.792970
7.580000	-6.785345
7.590000	-6.777584
7.600000	-6.769687
7.610000	-6.761656
7.620000	-6.753489
7.630000	-6.745187
7.640000	-6.736750
7.650000	-6.728178
7.660000	-6.719472
7.670000	-6.710631
7.680000	-6.701656
7.690000	-6.692547
7.700000	-6.683305
7.710000	-6.673928
7.720000	-6.664418
7.730000	-6.654775
7.740000	-6.644999
7.750000	-6.635090
7.760000	-6.625048
7.770000	-6.614873
7.780000	-6.604567
7.790000	-6.594128
7.800000	-6.583557
7.810000	-6.572855
7.820000	-6.562021
7.830000	-6.551056
7.840000	-6.539960
7.850000	-6.528733
7.860000	-6.517376
7.870000	-6.505888
7.880000	-6.494270
7.890000	-6.482523
7.900000	-6.470645
7.910000	-6.458638
7.920000	-6.446502
7.930000	-6.434238
7.940000	-6.421844
7.950000	-6.409322
7.960000	-6.396672
7.970000	-6.383893
7.980000	-6.370988
7.990000	-6.357954
8.000000	-6.344794
8.010000	-6.331507
8.020000	-6.318093
8.030000	-6.304552
8.040000	-6.290886
8.050000	-6.277094
8.060000	-6.263176
8.070000	-6.249133
8.080000	-6.234965
8.090000	-6.220672
8.100000	-6.206255
8.110000	-6.191714
8.120000	-6.177049
8.130000	-6.162260
8.140000	-6.147348
8.150000	-6.132314
8.160000	-6.117156
8.170000	-6.101876
8.180000	-6.086475
8.190000	-6.070951
8.200000	-6.055306
8.210000	-6.039540
8.220000	-6.023653
8.230000	-6.007646
8.240000	-5.991518
8.250000	-5.975271
8.260000	-5.958904
8.270000	-5.942418
8.280000	-5.925813
8.290000	-5.909090
8.300000	-5.892248
8.310000	-5.875289
8.320000	-5.858212
8.330000	-5.841018
8.340000	-5.823707
8.350000	-5.806280
8.360000	-5.788736
8.370000	-5.771077
8.380000	-5.753302
8.390000	-5.735412
8.400000	-5.717408
8.410000	-5.699289
8.420000	-5.681056
8.430000	-5.662710
8.440000	-5.644250
8.450000	-5.625678
8.460000	-5.606993
8.470000	-5.588195
8.480000	-5.569286
8.490000	-5.550266
8.500000	-5.531135
8.510000	-5.511893
8.520000	-5.492540
8.530000	-5.473078
8.540000	-5.453507
8.550000	-5.433826
8.560000	-5.414037
8.570000	-5.394139
8.580000	-5.374134
8.590000	-5.354021
8.600000	-5.333801
8.610000	-5.313474
8.620000	-5.293041
8.630000	-5.272503
8.640000	-5.251858
8.650000	-5.231109
8.660000	-5.210255
8.670000	-5.189297
8.680000	-5.168235
8.690000	-5.147070
8.700000	-5.125801
8.710000	-5.104431
8.720000	-5.082958
8.730000	-5.061383
8.740000	-5.039708
8.750000	-5.017931
8.760000	-4.996054
8.770000	-4.974078
8.780000	-4.952001
8.790000	-4.929826
8.800000	-4.907552
8.810000	-4.885180
8.820000	-4.862710
8.830000	-4.840143
8.840000	-4.817479
8.850000	-4.794719
8.860000	-4.771863
8.870000	-4.748912
8.880000	-4.725865
8.890000	-4.702724
8.900000	-4.679489
8.910000	-4.656161
8.920000	-4.632739
8.930000	-4.609224
8.940000	-4.585618
8.950000	-4.561920
8.960000	-4.538130
8.970000	-4.514250
8.980000	-4.490279
8.990000	-4.466219
9.000000	-4.442069
9.010000	-4.417830
9.020000	-4.393503
9.030000	-4.369089
9.040000	-4.344587
9.050000	-4.319997
9.060000	-4.295322
9.070000	-4.270561
9.080000	-4.245714
9.090000	-4.220782
9.100000	-4.195766
9.110000	-4.170666
9.120000	-4.145483
9.130000	-4.120216
9.140000	-4.094867
9.150000	-4.069437
9.160000	-4.043925
9.170000	-4.018332
9.180000	-3.992659
9.190000	-3.966905
9.200000	-3.941073
9.210000	-3.915162
9.220000	-3.889172
9.230000	-3.863105
9.240000	-3.836960
9.250000	-3.810739
9.260000	-3.784441
9.270000	-3.758068
9.280000	-3.731619
9.290000	-3.705096
9.300000	-3.678499
9.310000	-3.651828
9.320000	-3.625085
9.330000	-3.598268
9.340000	-3.571380
9.350000	-3.544420
9.360000	-3.517390
9.370000	-3.490289
9.380000	-3.463118
9.390000	-3.435878
9.400000	-3.408569
9.410000	-3.381193
9.420000	-3.353748
9.430000	-3.326236
9.440000	-3.298658
9.450000	-3.271014
9.460000	-3.243305
9.470000	-3.215530
9.480000	-3.187692
9.490000	-3.159789
9.500000	-3.131824
9.510000	-3.103796
9.520000	-3.075705
9.530000	-3.047553
9.540000	-3.019341
9.550000	-2.991067
9.560000	-2.962734
9.570000	-2.934342
9.580000	-2.905891
9.590000	-2.877382
9.600000	-2.848815
9.610000	-2.820192
9.620000	-2.791512
9.630000	-2.762776
9.640000	-2.733985
9.650000	-2.705139
9.660000	-2.676239
9.670000	-2.647286
9.680000	-2.618280
9.690000	-2.589221
9.700000	-2.560111
9.710000	-2.530949
9.720000	-2.501737
9.730000	-2.472474
9.740000	-2.443162
9.750000	-2.413802
9.760000	-2.384393
9.770000	-2.354936
9.780000	-2.325433
9.790000	-2.295882
9.800000	-2.266286
9.810000	-2.236645
9.820000	-2.206959
9.830000	-2.177228
9.840000	-2.147454
9.850000	-2.117638
9.860000	-2.087778
9.870000	-2.057877
9.880000	-2.027935
9.890000	-1.997953
9.900000	-1.967930
9.910000	-1.937868
9.920000	-1.907767
9.930000	-1.877629
9.940000	-1.847452
9.950000	-1.817239
9.960000	-1.786989
9.970000	-1.756704
9.980000	-1.726383
9.990000	-1.696028
10.000000	-1.665639
10.010000	-1.635216
10.020000	-1.604761
10.030000	-1.574274
10.040000	-1.543756
10.050000	-1.513206
10.060000	-1.482626
10.070000	-1.452017
10.080000	-1.421378
10.090000	-1.390711
10.100000	-1.360017
10.110000	-1.329295
10.120000	-1.298546
10.130000	-1.267772
10.140000	-1.236972
10.150000	-1.206147
10.160000	-1.175299
10.170000	-1.144426
10.180000	-1.113531
10.190000	-1.082614
10.200000	-1.051675
10.210000	-1.020715
10.220000	-0.989735
10.230000	-0.958734
10.240000	-0.927715
10.250000	-0.896677
10.260000	-0.865621
10.270000	-0.834548
10.280000	-0.803458
10.290000	-0.772352
10.300000	-0.741230
10.310000	-0.710094
10.320000	-0.678944
10.330000	-0.647780
10.340000	-0.616603
10.350000	-0.585413
10.360000	-0.554212
10.370000	-0.523000
10.380000	-0.491778
10.390000	-0.460545
10.400000	-0.429304
10.410000	-0.398053
10.420000	-0.366795
10.430000	-0.335530
10.440000	-0.304257
10.450000	-0.272979
10.460000	-0.241695
10.470000	-0.210407
10.480000	-0.179114
10.490000	-0.147818
10.500000	-0.116518
10.510000	-0.085217
10.520000	-0.053913
10.530000	-0.022609
10.540000	0.008696
10.550000	0.040001
10.560000	0.071305
10.570000	0.102607
10.580000	0.133908
10.590000	0.165206
10.600000	0.196500
10.610000	0.227791
10.620000	0.259077
10.630000	0.290357
10.640000	0.321632
10.650000	0.352901
10.660000	0.384163
10.670000	0.415416
10.680000	0.446662
10.690000	0.477898
10.700000	0.509125
10.710000	0.540342
10.720000	0.571548
10.730000	0.602743
10.740000	0.633926
10.750000	0.665095
10.760000	0.696252
10.770000	0.727395
10.780000	0.758523
10.790000	0.789636
10.800000	0.820733
10.810000	0.851814
10.820000	0.882877
10.830000	0.913923
10.840000	0.944951
10.850000	0.975960
10.860000	1.006949
10.870000	1.037918
10.880000	1.068867
10.890000	1.099794
10.900000	1.130699
10.910000	1.161581
10.920000	1.192441
10.930000	1.223276
10.940000	1.254087
10.950000	1.284873
10.960000	1.315633
10.970000	1.346367
10.980000	1.377073
10.990000	1.407753
11.000000	1.438404
11.010000	1.469026
11.020000	1.499619
11.030000	1.530182
11.040000	1.560715
11.050000	1.591216
11.060000	1.621686
11.070000	1.652123
11.080000	1.682526
11.090000	1.712897
11.100000	1.743233
11.110000	1.773534
11.120000	1.803800
11.130000	1.834029
11.140000	1.864222
11.150000	1.894378
11.160000	1.924496
11.170000	1.954575
11.180000	1.984615
11.190000	2.014615
11.200000	2.044576
11.210000	2.074495
11.220000	2.104373
11.230000	2.134208
11.240000	2.164001
11.250000	2.193751
11.260000	2.223457
11.270000	2.253119
11.280000	2.282735
11.290000	2.312306
11.300000	2.341830
11.310000	2.371308
11.320000	2.400738
11.330000	2.430120
11.340000	2.459454
11.350000	2.488738
11.360000	2.517973
11.370000	2.547157
11.380000	2.576290
11.390000	2.605372
11.400000	2.634402
11.410000	2.663379
11.420000	2.692302
11.430000	2.721172
11.440000	2.749988
11.450000	2.778748
11.460000	2.807453
11.470000	2.836102
11.480000	2.864694
11.490000	2.893228
11.500000	2.921705
11.510000	2.950124
11.520000	2.978483
11.530000	3.006783
11.540000	3.035023
11.550000	3.063202
11.560000	3.091319
11.570000	3.119375
11.580000	3.147369
11.590000	3.175299
11.600000	3.203166
11.610000	3.230969
11.620000	3.258708
11.630000	3.286381
11.640000	3.313988
11.650000	3.341530
11.660000	3.369004
11.670000	3.396411
11.680000	3.423750
11.690000	3.451021
11.700000	3.478222
11.710000	3.505354
11.720000	3.532416
11.730000	3.559407
11.740000	3.586327
11.750000	3.613176
11.760000	3.639952
11.770000	3.666655
11.780000	3.693285
11.790000	3.719841
11.800000	3.746323
11.810000	3.772730
11.820000	3.799061
11.830000	3.825316
11.840000	3.851495
11.850000	3.877597
11.860000	3.903621
11.870000	3.929567
11.880000	3.955435
11.890000	3.981223
11.900000	4.006932
11.910000	4.032561
11.920000	4.058109
11.930000	4.083576
11.940000	4.108961
11.950000	4.134264
11.960000	4.159484
11.970000	4.184621
11.980000	4.209675
11.990000	4.234644
12.000000	4.259529
12.010000	4.284328
12.020000	4.309042
12.030000	4.333669
12.040000	4.358210
12.050000	4.382664
12.060000	4.407030
12.070000	4.431308
12.080000	4.455497
12.090000	4.479597
12.100000	4.503608
12.110000	4.527528
12.120000	4.551358
12.130000	4.575097
12.140000	4.598745
12.150000	4.622300
12.160000	4.645763
12.170000	4.669133
12.180000	4.692410
12.190000	4.715593
12.200000	4.738681
12.210000	4.761675
12.220000	4.784573
12.230000	4.807376
12.240000	4.830083
12.250000	4.852693
12.260000	4.875206
12.270000	4.897622
12.280000	4.919939
12.290000	4.942158
12.300000	4.964279
12.310000	4.986300
12.320000	5.008221
12.330000	5.030042
12.340000	5.051763
12.350000	5.073382
12.360000	5.094900
12.370000	5.116317
12.380000	5.137630
12.390000	5.158841
12.400000	5.179949
12.410000	5.200954
12.420000	5.221854
12.430000	5.242650
12.440000	5.263341
12.450000	5.283927
12.460000	5.304407
12.470000	5.324781
12.480000	5.345048
12.490000	5.365209
12.500000	5.385262
12.510000	5.405207
12.520000	5.425045
12.530000	5.444774
12.540000	5.464394
12.550000	5.483905
12.560000	5.503306
12.570000	5.522597
12.580000	5.541777
12.590000	5.560847
12.600000	5.579806
12.610000	5.598653
12.620000	5.617387
12.630000	5.636010
12.640000	5.654520
12.650000	5.672917
12.660000	5.691200
12.670000	5.709370
12.680000	5.727425
12.690000	5.745366
12.700000	5.763192
12.710000	5.780902
12.720000	5.798497
12.730000	5.815976
12.740000	5.833339
12.750000	5.850585
12.760000	5.867714
12.770000	5.884726
12.780000	5.901620
12.790000	5.918396
12.800000	5.935053
12.810000	5.951592
12.820000	5.968012
12.830000	5.984312
12.840000	6.000493
12.850000	6.016554
12.860000	6.032494
12.870000	6.048314
12.880000	6.064013
12.890000	6.079591
12.900000	6.095047
12.910000	6.110381
12.920000	6.125592
12.930000	6.140682
12.940000	6.155648
12.950000	6.170492
12.960000	6.185212
12.970000	6.199808
12.980000	6.214280
12.990000	6.228628
13.000000	6.242852
13.010000	6.256950
13.020000	6.270924
13.030000	6.284772
13.040000	6.298494
13.050000	6.312091
13.060000	6.325561
13.070000	6.338904
13.080000	6.352121
13.090000	6.365211
13.100000	6.378174
13.110000	6.391009
13.120000	6.403716
13.130000	6.416295
13.140000	6.428745
13.150000	6.441068
13.160000	6.453261
13.170000	6.465325
13.180000	6.477260
13.190000	6.489065
13.200000	6.500741
13.210000	6.512287
13.220000	6.523702
13.230000	6.534987
13.240000	6.546141
13.250000	6.557164
13.260000	6.568057
13.270000	6.578817
13.280000	6.589447
13.290000	6.599944
13.300000	6.610309
13.310000	6.620543
13.320000	6.630643
13.330000	6.640611
13.340000	6.650447
13.350000	6.660149
13.360000	6.669718
13.370000	6.679154
13.380000	6.688456
13.390000	6.697625
13.400000	6.706659
13.410000	6.715559
13.420000	6.724325
13.430000	6.732957
13.440000	6.741454
13.450000	6.749816
13.460000	6.758043
13.470000	6.766135
13.480000	6.774091
13.490000	6.781912
13.500000	6.789598
13.510000	6.797147
13.520000	6.804561
13.530000	6.811839
13.540000	6.818980
13.550000	6.825985
13.560000	6.832854
13.570000	6.839585
13.580000	6.846180
13.590000	6.852638
13.600000	6.858960
13.610000	6.865143
13.620000	6.871190
13.630000	6.877099
13.640000	6.882871
13.650000	6.888505
13.660000	6.894001
13.670000	6.899359
13.680000	6.904579
13.690000	6.909662
13.700000	6.914606
13.710000	6.919411
13.720000	6.924079
13.730000	6.928608
13.740000	6.932998
13.750000	6.937250
13.760000	6.941362
13.770000	6.945336
13.780000	6.949172
13.790000	6.952868
13.800000	6.956425
13.810000	6.959843
13.820000	6.963122
13.830000	6.966261
13.840000	6.969261
13.850000	6.972122
13.860000	6.974844
13.870000	6.977425
13.880000	6.979868
13.890000	6.982170
13.900000	6.984334
13.910000	6.986357
13.920000	6.988241
13.930000	6.989985
13.940000	6.991589
13.950000	6.993053
13.960000	6.994377
13.970000	6.995562
13.980000	6.996606
13.990000	6.997511
14.000000	6.998276
14.010000	6.998901
14.020000	6.999385
14.030000	6.999730
14.040000	6.999935
14.050000	7.000000
14.060000	6.999925
14.070000	6.999710
14.080000	6.999354
14.090000	6.998859
14.100000	6.998224
14.110000	6.997449
14.120000	6.996534
14.130000	6.995479
14.140000	6.994284
14.150000	6.992949
14.160000	6.991475
14.170000	6.989860
14.180000	6.988106
14.190000	6.986212
14.200000	6.984178
14.210000	6.982005
14.220000	6.979692
14.230000	6.977239
14.240000	6.974647
14.250000	6.971915
14.260000	6.969044
14.270000	6.966033
14.280000	6.962883
14.290000	6.959594
14.300000	6.956166
14.310000	6.952599
14.320000	6.948892
14.330000	6.945047
14.340000	6.941062
14.350000	6.936939
14.360000	6.932677
14.370000	6.928277
14.380000	6.923738
14.390000	6.919060
14.400000	6.914244
14.410000	6.909290
14.420000	6.904197
14.430000	6.898967
14.440000	6.893598
14.450000	6.888092
14.460000	6.882448
14.470000	6.876666
14.480000	6.870747
14.490000	6.864690
14.500000	6.858496
14.510000	6.852165
14.520000	6.845696
14.530000	6.839091
14.540000	6.832349
14.550000	6.825471
14.560000	6.818456
14.570000	6.811304
14.580000	6.804016
14.590000	6.796593
14.600000	6.789033
14.610000	6.781337
14.620000	6.773506
14.630000	6.765540
14.640000	6.757438
14.650000	6.749201
14.660000	6.740829
14.670000	6.732322
14.680000	6.723680
14.690000	6.714904
14.700000	6.705994
14.710000	6.696950
14.720000	6.687771
14.730000	6.678459
14.740000	6.669014
14.750000	6.659435
14.760000	6.649723
14.770000	6.639877
14.780000	6.629899
14.790000	6.619789
14.800000	6.609546
14.810000	6.599171
14.820000	6.588663
14.830000	6.578024
14.840000	6.567254
14.850000	6.556352
14.860000	6.545319
14.870000	6.534155
14.880000	6.522861
14.890000	6.511436
14.900000	6.499880
14.910000	6.488195
14.920000	6.476380
14.930000	6.464436
14.940000	6.452362
14.950000	6.440159
14.960000	6.427827
14.970000	6.415367
14.980000	6.402778
14.990000	6.390062
15.000000	6.377217
15.010000	6.364245
15.020000	6.351146
15.030000	6.337920
15.040000	6.324567
15.050000	6.311087
15.060000	6.297482
15.070000	6.283750
15.080000	6.269893
15.090000	6.255910
15.100000	6.241802
15.110000	6.227569
15.120000	6.213212
15.130000	6.198731
15.140000	6.184125
15.150000	6.169396
15.160000	6.154543
15.170000	6.139568
15.180000	6.124469
15.190000	6.109248
15.200000	6.093905
15.210000	6.078440
15.220000	6.062854
15.230000	6.047146
15.240000	6.031317
15.250000	6.015368
15.260000	5.999298
15.270000	5.983108
15.280000	5.966799
15.290000	5.950370
15.300000	5.933823
15.310000	5.917156
15.320000	5.900372
15.330000	5.883469
15.340000	5.866449
15.350000	5.849311
15.360000	5.832056
15.370000	5.814685
15.380000	5.797197
15.390000	5.779594
15.400000	5.761875
15.410000	5.744040
15.420000	5.726091
15.430000	5.708027
15.440000	5.689849
15.450000	5.671557
15.460000	5.653152
15.470000	5.634634
15.480000	5.616003
15.490000	5.597260
15.500000	5.578404
15.510000	5.559438
15.520000	5.540360
15.530000	5.521171
15.540000	5.501872
15.550000	5.482463
15.560000	5.462944
15.570000	5.443315
15.580000	5.423578
15.590000	5.403733
15.600000	5.383779
15.610000	5.363718
15.620000	5.343550
15.630000	5.323274
15.640000	5.302892
15.650000	5.282405
15.660000	5.261811
15.670000	5.241112
15.680000	5.220309
15.690000	5.199401
15.700000	5.178389
15.710000	5.157273
15.720000	5.136054
15.730000	5.114733
15.740000	5.093309
15.750000	5.071784
15.760000	5.050157
15.770000	5.028429
15.780000	5.006600
15.790000	4.984671
15.800000	4.962643
15.810000	4.940515
15.820000	4.918289
15.830000	4.895964
15.840000	4.873541
15.850000	4.851021
15.860000	4.828404
15.870000	4.805690
15.880000	4.782880
15.890000	4.759974
15.900000	4.736973
15.910000	4.713878
15.920000	4.690688
15.930000	4.667404
15.940000	4.644027
15.950000	4.620558
15.960000	4.596995
15.970000	4.573341
15.980000	4.549595
15.990000	4.525759
16.000000	4.501832
16.010000	4.477814
16.020000	4.453708
16.030000	4.429512
16.040000	4.405227
16.050000	4.380855
16.060000	4.356395
16.070000	4.331847
16.080000	4.307213
16.090000	4.282493
16.100000	4.257688
16.110000	4.232797
16.120000	4.207821
16.130000	4.182761
16.140000	4.157618
16.150000	4.132392
16.160000	4.107082
16.170000	4.081691
16.180000	4.056218
16.190000	4.030664
16.200000	4.005030
16.210000	3.979315
16.220000	3.953521
16.230000	3.927647
16.240000	3.901695
16.250000	3.875665
16.260000	3.849558
16.270000	3.823373
16.280000	3.797112
16.290000	3.770775
16.300000	3.744363
16.310000	3.717876
16.320000	3.691314
16.330000	3.664679
16.340000	3.637970
16.350000	3.611189
16.360000	3.584335
16.370000	3.557410
16.380000	3.530413
16.390000	3.503346
16.400000	3.476209
16.410000	3.449002
16.420000	3.421726
16.430000	3.394382
16.440000	3.366970
16.450000	3.339491
16.460000	3.311945
16.470000	3.284332
16.480000	3.256654
16.490000	3.228911
16.500000	3.201103
16.510000	3.173232
16.520000	3.145296
16.530000	3.117298
16.540000	3.089238
16.550000	3.061115
16.560000	3.032932
16.570000	3.004688
16.580000	2.976383
16.590000	2.948020
16.600000	2.919597
16.610000	2.891116
16.620000	2.862577
16.630000	2.833980
16.640000	2.805328
16.650000	2.776619
16.660000	2.747854
16.670000	2.719035
16.680000	2.690161
16.690000	2.661233
16.700000	2.632252
16.710000	2.603218
16.720000	2.574133
16.730000	2.544996
16.740000	2.515808
16.750000	2.486569
16.760000	2.457281
16.770000	2.427944
16.780000	2.398558
16.790000	2.369125
16.800000	2.339644
16.810000	2.310116
16.820000	2.280542
16.830000	2.250922
16.840000	2.221257
16.850000	2.191548
16.860000	2.161795
16.870000	2.131999
16.880000	2.102160
16.890000	2.072279
16.900000	2.042357
16.910000	2.012394
16.920000	1.982390
16.930000	1.952347
16.940000	1.922265
16.950000	1.892144
16.960000	1.861986
16.970000	1.831790
16.980000	1.801558
16.990000	1.771290
17.000000	1.740986
17.010000	1.710647
17.020000	1.680274
17.030000	1.649868
17.040000	1.619429
17.050000	1.588957
17.060000	1.558453
17.070000	1.527919
17.080000	1.497353
17.090000	1.466758
17.100000	1.436133
17.110000	1.405480
17.120000	1.374799
17.130000	1.344090
17.140000	1.313354
17.150000	1.282592
17.160000	1.251804
17.170000	1.220992
17.180000	1.190154
17.190000	1.159294
17.200000	1.128409
17.210000	1.097503
17.220000	1.066574
17.230000	1.035624
17.240000	1.004653
17.250000	0.973663
17.260000	0.942652
17.270000	0.911623
17.280000	0.880576
17.290000	0.849511
17.300000	0.818429
17.310000	0.787330
17.320000	0.756216
17.330000	0.725087
17.340000	0.693944
17.350000	0.662786
17.360000	0.631615
17.370000	0.600432
17.380000	0.569236
17.390000	0.538029
17.400000	0.506812
17.410000	0.475584
17.420000	0.444347
17.430000	0.413100
17.440000	0.381846
17.450000	0.350584
17.460000	0.319315
17.470000	0.288039
17.480000	0.256758
17.490000	0.225472
17.500000	0.194181
17.510000	0.162886
17.520000	0.131588
17.530000	0.100288
17.540000	0.068985
17.550000	0.037681
17.560000	0.006376
17.570000	-0.024929
17.580000	-0.056233
17.590000	-0.087536
17.600000	-0.118838
17.610000	-0.150137
17.620000	-0.181433
17.630000	-0.212726
17.640000	-0.244014
17.650000	-0.275297
17.660000	-0.306575
17.670000	-0.337847
17.680000	-0.369112
17.690000	-0.400369
17.700000	-0.431619
17.710000	-0.462860
17.720000	-0.494092
17.730000	-0.525314
17.740000	-0.556525
17.750000	-0.587725
17.760000	-0.618914
17.770000	-0.650090
17.780000	-0.681253
17.790000	-0.712402
17.800000	-0.743537
17.810000	-0.774658
17.820000	-0.805762
17.830000	-0.836851
17.840000	-0.867923
17.850000	-0.898978
17.860000	-0.930014
17.870000	-0.961032
17.880000	-0.992031
17.890000	-1.023010
17.900000	-1.053969
17.910000	-1.084906
17.920000	-1.115822
17.930000	-1.146715
17.940000	-1.177586
17.950000	-1.208433
17.960000	-1.239255
17.970000	-1.270053
17.980000	-1.300826
17.990000	-1.331572
18.000000	-1.362292
18.010000	-1.392985
18.020000	-1.423650
18.030000	-1.454286
18.040000	-1.484893
18.050000	-1.515471
18.060000	-1.546018
18.070000	-1.576535
18.080000	-1.607019
18.090000	-1.637472
18.100000	-1.667892
18.110000	-1.698279
18.120000	-1.728631
18.130000	-1.758949
18.140000	-1.789232
18.150000	-1.819479
18.160000	-1.849690
18.170000	-1.879863
18.180000	-1.909999
18.190000	-1.940097
18.200000	-1.970156
18.210000	-2.000176
18.220000	-2.030156
18.230000	-2.060095
18.240000	-2.089993
18.250000	-2.119849
18.260000	-2.149662
18.270000	-2.179433
18.280000	-2.209160
18.290000	-2.238843
18.300000	-2.268481
18.310000	-2.298074
18.320000	-2.327621
18.330000	-2.357121
18.340000	-2.386574
18.350000	-2.415979
18.360000	-2.445336
18.370000	-2.474644
18.380000	-2.503903
18.390000	-2.533112
18.400000	-2.562270
18.410000	-2.591376
18.420000	-2.620431
18.430000	-2.649434
18.440000	-2.678383
18.450000	-2.707279
18.460000	-2.736121
18.470000	-2.764908
18.480000	-2.793639
18.490000	-2.822315
18.500000	-2.850934
18.510000	-2.879497
18.520000	-2.908002
18.530000	-2.936448
18.540000	-2.964836
18.550000	-2.993165
18.560000	-3.021433
18.570000	-3.049642
18.580000	-3.077789
18.590000	-3.105875
18.600000	-3.133898
18.610000	-3.161859
18.620000	-3.189757
18.630000	-3.217591
18.640000	-3.245361
18.650000	-3.273065
18.660000	-3.300704
18.670000	-3.328278
18.680000	-3.355784
18.690000	-3.383224
18.700000	-3.410596
18.710000	-3.437899
18.720000	-3.465134
18.730000	-3.492300
18.740000	-3.519395
18.750000	-3.546421
18.760000	-3.573375
18.770000	-3.600258
18.780000	-3.627069
18.790000	-3.653807
18.800000	-3.680473
18.810000	-3.707064
18.820000	-3.733582
18.830000	-3.760025
18.840000	-3.786393
18.850000	-3.812685
18.860000	-3.838900
18.870000	-3.865039
18.880000	-3.891101
18.890000	-3.917085
18.900000	-3.942990
18.910000	-3.968817
18.920000	-3.994564
18.930000	-4.020231
18.940000	-4.045818
18.950000	-4.071324
18.960000	-4.096749
18.970000	-4.122092
18.980000	-4.147352
18.990000	-4.172529
19.000000	-4.197623
19.010000	-4.222633
19.020000	-4.247558
19.030000	-4.272399
19.040000	-4.297154
19.050000	-4.321823
19.060000	-4.346405
19.070000	-4.370901
19.080000	-4.395309
19.090000	-4.419630
19.100000	-4.443862
19.110000	-4.468005
19.120000	-4.492059
19.130000	-4.516023
19.140000	-4.539896
19.150000	-4.563679
19.160000	-4.587370
19.170000	-4.610970
19.180000	-4.634478
19.190000	-4.657893
19.200000	-4.681214
19.210000	-4.704442
19.220000	-4.727576
19.230000	-4.750616
19.240000	-4.773560
19.250000	-4.796409
19.260000	-4.819162
19.270000	-4.841819
19.280000	-4.864379
19.290000	-4.886841
19.300000	-4.909206
19.310000	-4.931473
19.320000	-4.953641
19.330000	-4.975710
19.340000	-4.997679
19.350000	-5.019548
19.360000	-5.041318
19.370000	-5.062986
19.380000	-5.084553
19.390000	-5.106018
19.400000	-5.127381
19.410000	-5.148642
19.420000	-5.169799
19.430000	-5.190854
19.440000	-5.211804
19.450000	-5.232650
19.460000	-5.253392
19.470000	-5.274028
19.480000	-5.294559
19.490000	-5.314984
19.500000	-5.335303
19.510000	-5.355515
19.520000	-5.375620
19.530000	-5.395618
19.540000	-5.415507
19.550000	-5.435288
19.560000	-5.454961
19.570000	-5.474524
19.580000	-5.493978
19.590000	-5.513322
19.600000	-5.532556
19.610000	-5.551679
19.620000	-5.570691
19.630000	-5.589592
19.640000	-5.608381
19.650000	-5.627058
19.660000	-5.645622
19.670000	-5.664073
19.680000	-5.682411
19.690000	-5.700636
19.700000	-5.718746
19.710000	-5.736742
19.720000	-5.754623
19.730000	-5.772389
19.740000	-5.790040
19.750000	-5.807575
19.760000	-5.824994
19.770000	-5.842296
19.780000	-5.859481
19.790000	-5.876550
19.800000	-5.893500
19.810000	-5.910333
19.820000	-5.927048
19.830000	-5.943644
19.840000	-5.960121
19.850000	-5.976479
19.860000	-5.992717
19.870000	-6.008836
19.880000	-6.024835
19.890000	-6.040712
19.900000	-6.056470
19.910000	-6.072106
19.920000	-6.087620
19.930000	-6.103013
19.940000	-6.118284
19.950000	-6.133432
19.960000	-6.148458
19.970000	-6.163360
19.980000	-6.178140
19.990000	-6.192796
20.000000	-6.207328
20.010000	-6.221736
20.020000	-6.236019
20.030000	-6.250178
20.040000	-6.264212
20.050000	-6.278120
20.060000	-6.291903
20.070000	-6.305560
20.080000	-6.319091
20.090000	-6.332496
20.100000	-6.345774
20.110000	-6.358925
20.120000	-6.371948
20.130000	-6.384845
20.140000	-6.397614
20.150000	-6.410254
20.160000	-6.422767
20.170000	-6.435151
20.180000	-6.447406
20.190000	-6.459533
20.200000	-6.471530
20.210000	-6.483398
20.220000	-6.495136
20.230000	-6.506744
20.240000	-6.518222
20.250000	-6.529570
20.260000	-6.540787
20.270000	-6.551873
20.280000	-6.562829
20.290000	-6.573653
20.300000	-6.584345
20.310000	-6.594906
20.320000	-6.605335
20.330000	-6.615632
20.340000	-6.625797
20.350000	-6.635829
20.360000	-6.645728
20.370000	-6.655494
20.380000	-6.665128
20.390000	-6.674628
20.400000	-6.683994
20.410000	-6.693227
20.420000	-6.702326
20.430000	-6.711291
20.440000	-6.720122
20.450000	-6.728818
20.460000	-6.737380
20.470000	-6.745807
20.480000	-6.754099
20.490000	-6.762256
20.500000	-6.770277
20.510000	-6.778164
20.520000	-6.785914
20.530000	-6.793529
20.540000	-6.801009
20.550000	-6.808352
20.560000	-6.815559
20.570000	-6.822629
20.580000	-6.829564
20.590000	-6.836361
20.600000	-6.843022
20.610000	-6.849546
20.620000	-6.855933
20.630000	-6.862183
20.640000	-6.868296
20.650000	-6.874271
20.660000	-6.880109
20.670000	-6.885809
20.680000	-6.891372
20.690000	-6.896796
20.700000	-6.902083
20.710000	-6.907232
20.720000	-6.912243
20.730000	-6.917115
20.740000	-6.921849
20.750000	-6.926444
20.760000	-6.930901
20.770000	-6.935220
20.780000	-6.939399
20.790000	-6.943440
20.800000	-6.947342
20.810000	-6.951106
20.820000	-6.954730
20.830000	-6.958215
20.840000	-6.961560
20.850000	-6.964767
20.860000	-6.967834
20.870000	-6.970762
20.880000	-6.973551
20.890000	-6.976200
20.900000	-6.978709
20.910000	-6.981079
20.920000	-6.983310
20.930000	-6.985400
20.940000	-6.987351
20.950000	-6.989162
20.960000	-6.990834
20.970000	-6.992365
20.980000	-6.993757
20.990000	-6.995009
21.000000	-6.996121
21.010000	-6.997093
21.020000	-6.997925
21.030000	-6.998617
21.040000	-6.999170
21.050000	-6.999582
21.060000	-6.999854
21.070000	-6.999986
21.080000	-6.999978
21.090000	-6.999831
21.100000	-6.999543
21.110000	-6.999115
21.120000	-6.998547
21.130000	-6.997840
21.140000	-6.996992
21.150000	-6.996004
21.160000	-6.994877
21.170000	-6.993609
21.180000	-6.992202
21.190000	-6.990655
21.200000	-6.988968
21.210000	-6.987141
21.220000	-6.985175
21.230000	-6.983069
21.240000	-6.980823
21.250000	-6.978437
21.260000	-6.975912
21.270000	-6.973248
21.280000	-6.970444
21.290000	-6.967500
21.300000	-6.964417
21.310000	-6.961195
21.320000	-6.957834
21.330000	-6.954334
21.340000	-6.950694
21.350000	-6.946916
21.360000	-6.942998
21.370000	-6.938942
21.380000	-6.934747
21.390000	-6.930413
21.400000	-6.925940
21.410000	-6.921329
21.420000	-6.916580
21.430000	-6.911692
21.440000	-6.906666
21.450000	-6.901502
21.460000	-6.896200
21.470000	-6.890760
21.480000	-6.885182
21.490000	-6.879467
21.500000	-6.873614
21.510000	-6.867623
21.520000	-6.861495
21.530000	-6.855230
21.540000	-6.848828
21.550000	-6.842288
21.560000	-6.835612
21.570000	-6.828800
21.580000	-6.821850
21.590000	-6.814764
21.600000	-6.807542
21.610000	-6.800184
21.620000	-6.792690
21.630000	-6.785060
21.640000	-6.777294
21.650000	-6.769392
21.660000	-6.761356
21.670000	-6.753184
21.680000	-6.744876
21.690000	-6.736435
21.700000	-6.727858
21.710000	-6.719147
21.720000	-6.710301
21.730000	-6.701321
21.740000	-6.692207
21.750000	-6.682960
21.760000	-6.673578
21.770000	-6.664063
21.780000	-6.654415
21.790000	-6.644634
21.800000	-6.634720
21.810000	-6.624673
21.820000	-6.614494
21.830000	-6.604182
21.840000	-6.593739
21.850000	-6.583163
21.860000	-6.572456
21.870000	-6.561617
21.880000	-6.550647
21.890000	-6.539547
21.900000	-6.528315
21.910000	-6.516953
21.920000	-6.505460
21.930000	-6.493837
21.940000	-6.482085
21.950000	-6.470203
21.960000	-6.458191
21.970000	-6.446050
21.980000	-6.433781
21.990000	-6.421382
22.000000	-6.408855
22.010000	-6.396200
22.020000	-6.383418
22.030000	-6.370507
22.040000	-6.357469
22.050000	-6.344304
22.060000	-6.331012
22.070000	-6.317593
22.080000	-6.304048
22.090000	-6.290377
22.100000	-6.276580
22.110000	-6.262658
22.120000	-6.248610
22.130000	-6.234438
22.140000	-6.220140
22.150000	-6.205719
22.160000	-6.191173
22.170000	-6.176503
22.180000	-6.161710
22.190000	-6.146794
22.200000	-6.131754
22.210000	-6.116592
22.220000	-6.101308
22.230000	-6.085902
22.240000	-6.070373
22.250000	-6.054724
22.260000	-6.038953
22.270000	-6.023062
22.280000	-6.007050
22.290000	-5.990918
22.300000	-5.974667
22.310000	-5.958295
22.320000	-5.941805
22.330000	-5.925196
22.340000	-5.908468
22.350000	-5.891622
22.360000	-5.874658
22.370000	-5.857577
22.380000	-5.840378
22.390000	-5.823063
22.400000	-5.805632
22.410000	-5.788084
22.420000	-5.770420
22.430000	-5.752641
22.440000	-5.734747
22.450000	-5.716739
22.460000	-5.698615
22.470000	-5.680378
22.480000	-5.662028
22.490000	-5.643564
22.500000	-5.624987
22.510000	-5.606298
22.520000	-5.587497
22.530000	-5.568584
22.540000	-5.549559
22.550000	-5.530424
22.560000	-5.511178
22.570000	-5.491821
22.580000	-5.472355
22.590000	-5.452780
22.600000	-5.433095
22.610000	-5.413302
22.620000	-5.393400
22.630000	-5.373391
22.640000	-5.353274
22.650000	-5.333050
22.660000	-5.312719
22.670000	-5.292282
22.680000	-5.271739
22.690000	-5.251091
22.700000	-5.230338
22.710000	-5.209480
22.720000	-5.188518
22.730000	-5.167453
22.740000	-5.146283
22.750000	-5.125011
22.760000	-5.103637
22.770000	-5.082160
22.780000	-5.060582
22.790000	-5.038903
22.800000	-5.017122
22.810000	-4.995242
22.820000	-4.973261
22.830000	-4.951181
22.840000	-4.929002
22.850000	-4.906725
22.860000	-4.884349
22.870000	-4.861876
22.880000	-4.839305
22.890000	-4.816638
22.900000	-4.793874
22.910000	-4.771015
22.920000	-4.748059
22.930000	-4.725010
22.940000	-4.701865
22.950000	-4.678627
22.960000	-4.655294
22.970000	-4.631869
22.980000	-4.608351
22.990000	-4.584741
23.000000	-4.561040
23.010000	-4.537247
23.020000	-4.513363
23.030000	-4.489389
23.040000	-4.465325
23.050000	-4.441172
23.060000	-4.416931
23.070000	-4.392600
23.080000	-4.368182
23.090000	-4.343677
23.100000	-4.319085
23.110000	-4.294406
23.120000	-4.269641
23.130000	-4.244792
23.140000	-4.219857
23.150000	-4.194837
23.160000	-4.169734
23.170000	-4.144548
23.180000	-4.119278
23.190000	-4.093927
23.200000	-4.068493
23.210000	-4.042978
23.220000	-4.017382
23.230000	-3.991706
23.240000	-3.965950
23.250000	-3.940114
23.260000	-3.914200
23.270000	-3.888208
23.280000	-3.862137
23.290000	-3.835990
23.300000	-3.809766
23.310000	-3.783465
23.320000	-3.757089
23.330000	-3.730638
23.340000	-3.704112
23.350000	-3.677512
23.360000	-3.650839
23.370000	-3.624092
23.380000	-3.597273
23.390000	-3.570382
23.400000	-3.543420
23.410000	-3.516387
23.420000	-3.489283
23.430000	-3.462110
23.440000	-3.434867
23.450000	-3.407556
23.460000	-3.380177
23.470000	-3.352730
23.480000	-3.325216
23.490000	-3.297635
23.500000	-3.269989
23.510000	-3.242277
23.520000	-3.214500
23.530000	-3.186659
23.540000	-3.158754
23.550000	-3.130786
23.560000	-3.102756
23.570000	-3.074663
23.580000	-3.046509
23.590000	-3.018294
23.600000	-2.990019
23.610000	-2.961683
23.620000	-2.933289
23.630000	-2.904836
23.640000	-2.876325
23.650000	-2.847756
23.660000	-2.819130
23.670000	-2.790448
23.680000	-2.761710
23.690000	-2.732917
23.700000	-2.704069
23.710000	-2.675168
23.720000	-2.646212
23.730000	-2.617204
23.740000	-2.588143
23.750000	-2.559031
23.760000	-2.529867
23.770000	-2.500653
23.780000	-2.471389
23.790000	-2.442075
23.800000	-2.412713
23.810000	-2.383302
23.820000	-2.353844
23.830000	-2.324338
23.840000	-2.294787
23.850000	-2.265189
23.860000	-2.235546
23.870000	-2.205858
23.880000	-2.176126
23.890000	-2.146350
23.900000	-2.116532
23.910000	-2.086671
23.920000	-2.056769
23.930000	-2.026825
23.940000	-1.996841
23.950000	-1.966817
23.960000	-1.936753
23.970000	-1.906651
23.980000	-1.876511
23.990000	-1.846333
24.000000	-1.816118
24.010000	-1.785867
24.020000	-1.755581
24.030000	-1.725259
24.040000	-1.694902
24.050000	-1.664512
24.060000	-1.634088
24.070000	-1.603632
24.080000	-1.573144
24.090000	-1.542624
24.100000	-1.512073
24.110000	-1.481493
24.120000	-1.450882
24.130000	-1.420242
24.140000	-1.389575
24.150000	-1.358879
24.160000	-1.328156
24.170000	-1.297406
24.180000	-1.266631
24.190000	-1.235830
24.200000	-1.205005
24.210000	-1.174155
24.220000	-1.143282
24.230000	-1.112386
24.240000	-1.081468
24.250000	-1.050528
24.260000	-1.019567
24.270000	-0.988586
24.280000	-0.957585
24.290000	-0.926565
24.300000	-0.895526
24.310000	-0.864470
24.320000	-0.833396
24.330000	-0.802306
24.340000	-0.771199
24.350000	-0.740077
24.360000	-0.708940
24.370000	-0.677789
24.380000	-0.646625
24.390000	-0.615447
24.400000	-0.584257
24.410000	-0.553056
24.420000	-0.521843
24.430000	-0.490620
24.440000	-0.459388
24.450000	-0.428146
24.460000	-0.396895
24.470000	-0.365637
24.480000	-0.334371
24.490000	-0.303099
24.500000	-0.271820
24.510000	-0.240536
24.520000	-0.209247
24.530000	-0.177954
24.540000	-0.146658
24.550000	-0.115358
24.560000	-0.084057
24.570000	-0.052753
24.580000	-0.021449
24.590000	0.009856
24.600000	0.041161
24.610000	0.072465
24.620000	0.103767
24.630000	0.135068
24.640000	0.166365
24.650000	0.197660
24.660000	0.228950
24.670000	0.260236
24.680000	0.291516
24.690000	0.322791
24.700000	0.354060
24.710000	0.385321
24.720000	0.416574
24.730000	0.447819
24.740000	0.479056
24.750000	0.510282
24.760000	0.541499
24.770000	0.572704
24.780000	0.603899
24.790000	0.635081
24.800000	0.666250
24.810000	0.697406
24.820000	0.728548
24.830000	0.759676
24.840000	0.790788
24.850000	0.821885
24.860000	0.852965
24.870000	0.884028
24.880000	0.915073
24.890000	0.946100
24.900000	0.977108
24.910000	1.008097
24.920000	1.039065
24.930000	1.070013
24.940000	1.100939
24.950000	1.131844
24.960000	1.162725
24.970000	1.193584
24.980000	1.224418
24.990000	1.255228
25.000000	1.286013
25.010000	1.316772
25.020000	1.347505
25.030000	1.378211
25.040000	1.408889
25.050000	1.439539
25.060000	1.470161
25.070000	1.500752
25.080000	1.531314
25.090000	1.561846
25.100000	1.592346
25.110000	1.622814
25.120000	1.653250
25.130000	1.683652
25.140000	1.714021
25.150000	1.744356
25.160000	1.774656
25.170000	1.804920
25.180000	1.835149
25.190000	1.865340
25.200000	1.895494
25.210000	1.925611
25.220000	1.955689
25.230000	1.985727
25.240000	2.015726
25.250000	2.045685
25.260000	2.075603
25.270000	2.105479
25.280000	2.135313
25.290000	2.165105
25.300000	2.194853
25.310000	2.224557
25.320000	2.254217
25.330000	2.283831
25.340000	2.313400
25.350000	2.342923
25.360000	2.372399
25.370000	2.401827
25.380000	2.431208
25.390000	2.460540
25.400000	2.489822
25.410000	2.519055
25.420000	2.548237
25.430000	2.577369
25.440000	2.606448
25.450000	2.635476
25.460000	2.664451
25.470000	2.693373
25.480000	2.722241
25.490000	2.751054
25.500000	2.779813
25.510000	2.808515
25.520000	2.837162
25.530000	2.865752
25.540000	2.894285
25.550000	2.922759
25.560000	2.951175
25.570000	2.979533
25.580000	3.007830
25.590000	3.036068
25.600000	3.064244
25.610000	3.092360
25.620000	3.120414
25.630000	3.148405
25.640000	3.176333
25.650000	3.204198
25.660000	3.231998
25.670000	3.259734
25.680000	3.287405
25.690000	3.315010
25.700000	3.342549
25.710000	3.370021
25.720000	3.397425
25.730000	3.424762
25.740000	3.452030
25.750000	3.479229
25.760000	3.506358
25.770000	3.533418
25.780000	3.560406
25.790000	3.587324
25.800000	3.614169
25.810000	3.640943
25.820000	3.667643
25.830000	3.694270
25.840000	3.720824
25.850000	3.747303
25.860000	3.773707
25.870000	3.800035
25.880000	3.826288
25.890000	3.852464
25.900000	3.878563
25.910000	3.904584
25.920000	3.930527
25.930000	3.956392
25.940000	3.982177
25.950000	4.007883
25.960000	4.033509
25.970000	4.059054
25.980000	4.084518
25.990000	4.109900
26.000000	4.135200
26.010000	4.160417
26.020000	4.185551
26.030000	4.210602
26.040000	4.235568
26.050000	4.260449
26.060000	4.285245
26.070000	4.309956
26.080000	4.334580
26.090000	4.359118
26.100000	4.383568
26.110000	4.407931
26.120000	4.432206
26.130000	4.456392
26.140000	4.480489
26.150000	4.504496
26.160000	4.528413
26.170000	4.552239
26.180000	4.575975
26.190000	4.599619
26.200000	4.623171
26.210000	4.646631
26.220000	4.669997
26.230000	4.693270
26.240000	4.716450
26.250000	4.739535
26.260000	4.762525
26.270000	4.785420
26.280000	4.808219
26.290000	4.830922
26.300000	4.853529
26.310000	4.876038
26.320000	4.898450
26.330000	4.920764
26.340000	4.942980
26.350000	4.965096
26.360000	4.987114
26.370000	5.009031
26.380000	5.030849
26.390000	5.052566
26.400000	5.074181
26.410000	5.095696
26.420000	5.117108
26.430000	5.138418
26.440000	5.159625
26.450000	5.180730
26.460000	5.201730
26.470000	5.222626
26.480000	5.243418
26.490000	5.264105
26.500000	5.284687
26.510000	5.305163
26.520000	5.325533
26.530000	5.345797
26.540000	5.365954
26.550000	5.386003
26.560000	5.405944
26.570000	5.425778
26.580000	5.445503
26.590000	5.465119
26.600000	5.484625
26.610000	5.504023
26.620000	5.523309
26.630000	5.542486
26.640000	5.561552
26.650000	5.580506
26.660000	5.599349
26.670000	5.618080
26.680000	5.636698
26.690000	5.655204
26.700000	5.673596
26.710000	5.691875
26.720000	5.710041
26.730000	5.728092
26.740000	5.746028
26.750000	5.763850
26.760000	5.781556
26.770000	5.799147
26.780000	5.816622
26.790000	5.833980
26.800000	5.851222
26.810000	5.868346
26.820000	5.885354
26.830000	5.902243
26.840000	5.919015
26.850000	5.935668
26.860000	5.952203
26.870000	5.968618
26.880000	5.984914
26.890000	6.001090
26.900000	6.017147
26.910000	6.033083
26.920000	6.048898
26.930000	6.064592
26.940000	6.080165
26.950000	6.095617
26.960000	6.110946
26.970000	6.126154
26.980000	6.141239
26.990000	6.156201
27.000000	6.171039
27.010000	6.185755
27.020000	6.200347
27.030000	6.214814
27.040000	6.229158
27.050000	6.243377
27.060000	6.257470
27.070000	6.271439
27.080000	6.285283
27.090000	6.299000
27.100000	6.312592
27.110000	6.326058
27.120000	6.339396
27.130000	6.352609
27.140000	6.365694
27.150000	6.378651
27.160000	6.391482
27.170000	6.404184
27.180000	6.416758
27.190000	6.429204
27.200000	6.441522
27.210000	6.453710
27.220000	6.465770
27.230000	6.477700
27.240000	6.489500
27.250000	6.501171
27.260000	6.512712
27.270000	6.524123
27.280000	6.535403
27.290000	6.546552
27.300000	6.557570
27.310000	6.568458
27.320000	6.579214
27.330000	6.589838
27.340000	6.600330
27.350000	6.610691
27.360000	6.620919
27.370000	6.631015
27.380000	6.640978
27.390000	6.650809
27.400000	6.660506
27.410000	6.670070
27.420000	6.679501
27.430000	6.688798
27.440000	6.697962
27.450000	6.706991
27.460000	6.715887
27.470000	6.724648
27.480000	6.733274
27.490000	6.741766
27.500000	6.750123
27.510000	6.758345
27.520000	6.766432
27.530000	6.774383
27.540000	6.782200
27.550000	6.789880
27.560000	6.797425
27.570000	6.804833
27.580000	6.812106
27.590000	6.819242
27.600000	6.826242
27.610000	6.833105
27.620000	6.839832
27.630000	6.846422
27.640000	6.852875
27.650000	6.859191
27.660000	6.865370
27.670000	6.871411
27.680000	6.877315
27.690000	6.883082
27.700000	6.888711
27.710000	6.894202
27.720000	6.899555
27.730000	6.904770
27.740000	6.909847
27.750000	6.914786
27.760000	6.919587
27.770000	6.924249
27.780000	6.928773
27.790000	6.933158
27.800000	6.937404
27.810000	6.941512
27.820000	6.945481
27.830000	6.949311
27.840000	6.953002
27.850000	6.956554
27.860000	6.959967
27.870000	6.963240
27.880000	6.966375
27.890000	6.969370
27.900000	6.972226
27.910000	6.974942
27.920000	6.977518
27.930000	6.979956
27.940000	6.982253
27.950000	6.984411
27.960000	6.986429
27.970000	6.988308
27.980000	6.990046
27.990000	6.991645
28.000000	6.993104
28.010000	6.994424
28.020000	6.995603
28.030000	6.996643
28.040000	6.997542
28.050000	6.998302
28.060000	6.998921
28.070000	6.999401
28.080000	6.999740
28.090000	6.999940
28.100000	7.000000
28.110000	6.999919
28.120000	6.999699
28.130000	6.999339
28.140000	6.998838
28.150000	6.998198
28.160000	6.997418
28.170000	6.996497
28.180000	6.995437
28.190000	6.994237
28.200000	6.992897
28.210000	6.991417
28.220000	6.989798
28.230000	6.988038
28.240000	6.986139
28.250000	6.984100
28.260000	6.981921
28.270000	6.979603
28.280000	6.977145
28.290000	6.974548
28.300000	6.971811
28.310000	6.968935
28.320000	6.965919
28.330000	6.962764
28.340000	6.959470
28.350000	6.956036
28.360000	6.952464
28.370000	6.948752
28.380000	6.944902
28.390000	6.940912
28.400000	6.936784
28.410000	6.932517
28.420000	6.928111
28.430000	6.923567
28.440000	6.918884
28.450000	6.914063
28.460000	6.909104
28.470000	6.904006
28.480000	6.898770
28.490000	6.893397
28.500000	6.887885
28.510000	6.882236
28.520000	6.876449
28.530000	6.870525
28.540000	6.864463
28.550000	6.858264
28.560000	6.851927
28.570000	6.845454
28.580000	6.838844
28.590000	6.832097
28.600000	6.825213
28.610000	6.818193
28.620000	6.811036
28.630000	6.803744
28.640000	6.796315
28.650000	6.788750
28.660000	6.781050
28.670000	6.773214
28.680000	6.765242
28.690000	6.757135
28.700000	6.748893
28.710000	6.740516
28.720000	6.732004
28.730000	6.723358
28.740000	6.714577
28.750000	6.705661
28.760000	6.696612
28.770000	6.687429
28.780000	6.678112
28.790000	6.668661
28.800000	6.659077
28.810000	6.649360
28.820000	6.639510
28.830000	6.629527
28.840000	6.619412
28.850000	6.609164
28.860000	6.598784
28.870000	6.588271
28.880000	6.577628
28.890000	6.566852
28.900000	6.555946
28.910000	6.544908
28.920000	6.533739
28.930000	6.522440
28.940000	6.511010
28.950000	6.499450
28.960000	6.487760
28.970000	6.475940
28.980000	6.463990
28.990000	6.451912
29.000000	6.439704
29.010000	6.427368
29.020000	6.414903
29.030000	6.402309
29.040000	6.389588
29.050000	6.376739
29.060000	6.363762
29.070000	6.350658
29.080000	6.337427
29.090000	6.324070
29.100000	6.310586
29.110000	6.296975
29.120000	6.283239
29.130000	6.269377
29.140000	6.255389
29.150000	6.241277
29.160000	6.227040
29.170000	6.212678
29.180000	6.198192
29.190000	6.183582
29.200000	6.168848
29.210000	6.153991
29.220000	6.139011
29.230000	6.123908
29.240000	6.108682
29.250000	6.093334
29.260000	6.077865
29.270000	6.062274
29.280000	6.046562
29.290000	6.030728
29.300000	6.014775
29.310000	5.998700
29.320000	5.982506
29.330000	5.966192
29.340000	5.949759
29.350000	5.933207
29.360000	5.916537
29.370000	5.899747
29.380000	5.882840
29.390000	5.865816
29.400000	5.848674
29.410000	5.831415
29.420000	5.814039
29.430000	5.796547
29.440000	5.778939
29.450000	5.761216
29.460000	5.743377
29.470000	5.725424
29.480000	5.707356
29.490000	5.689173
29.500000	5.670877
29.510000	5.652468
29.520000	5.633946
29.530000	5.615310
29.540000	5.596563
29.550000	5.577704
29.560000	5.558733
29.570000	5.539651
29.580000	5.520458
29.590000	5.501155
29.600000	5.481741
29.610000	5.462218
29.620000	5.442586
29.630000	5.422845
29.640000	5.402996
29.650000	5.383038
29.660000	5.362973
29.670000	5.342800
29.680000	5.322521
29.690000	5.302135
29.700000	5.281643
29.710000	5.261046
29.720000	5.240343
29.730000	5.219536
29.740000	5.198624
29.750000	5.177608
29.760000	5.156489
29.770000	5.135266
29.780000	5.113941
29.790000	5.092513
29.800000	5.070984
29.810000	5.049353
29.820000	5.027622
29.830000	5.005789
29.840000	4.983857
29.850000	4.961825
29.860000	4.939693
29.870000	4.917463
29.880000	4.895135
29.890000	4.872708
29.900000	4.850184
29.910000	4.827564
29.920000	4.804846
29.930000	4.782033
29.940000	4.759124
29.950000	4.736119
29.960000	4.713020
29.970000	4.689827
29.980000	4.666540
29.990000	4.643159
30.000000	4.619686
